image: mymap_1.pgm
resolution: 0.050000
origin: [-5.583259, -6.116370, 0.000000]
negate: 0
occupied_thresh: 0.65
free_thresh: 0.196

